Link : 18
Link	A-node	B-node	Jenis	Jarak	Tarif	Kpsts	Ukuran
1	1	7	T	10	6	0.3	0
2	1	4	T	10	5	0.4	0
3	7	8	R	150	9	0.6	0
4	1	2	T	130	13	0.4	0
5	4	5	K	110	11	0.5	0
6	2	8	T	10	6	0.3	0
7	5	2	T	15	4	0.5	0
8	8	2	T	10	4.5	0.4	0
9	2	5	T	15	5	0.4	0
10	8	5	T	25	8	0.4	0
11	8	9	R	180	10	0.6	0
12	2	3	T	160	14	0.4	0
13	5	6	K	140	12	0.5	0
14	6	3	T	15	4	0.5	0
15	9	3	T	10	4.5	0.4	0
16	3	6	T	15	5	0.4	0
17	9	6	T	25	8	0.4	0
18	7	9	R	330	16	0.6	0
batas AEC : 0.05
iterasi bisection : 5
Asal Tujuan : 5
1-2 : 70
1-3 : 90
1-6 : 100
2-3 : 80
2-6 : 50

Pelabuhan : 3
7
8
9